0 6.0
1 6.0
2 6.0
3 8.0
4 8.0
5 8.0
6 8.0
7 11.0
8 14.0
9 14.0
10 15.0
11 17.0
12 17.0
13 21.0
14 21.0
15 22.0
16 26.0
17 27.0
18 30.0
19 30.0
20 30.0
21 31.0
22 36.0
23 39.0
24 42.0
25 48.0
26 49.0
27 49.0
28 55.0
29 55.0
30 55.0
31 55.0
32 63.0
33 69.0
34 69.0
35 73.0
36 75.0
37 75.0
38 75.0
39 82.0
40 85.0
41 98.0
42 98.0
43 98.0
44 100.0
45 100.0
46 105.0
47 110.0
48 110.0
49 112.0
50 128.0
51 138.0
52 140.0
53 140.0
54 140.0
55 140.0
56 147.0
57 147.0
58 156.0
59 162.0
60 173.0
61 182.0
62 182.0
63 183.0
64 187.0
65 187.0
66 197.0
67 200.0
68 200.0
69 200.0
70 216.0
71 223.0
72 231.0
73 237.0
74 240.0
75 254.0
76 258.0
77 258.0
78 261.0
79 271.0
80 271.0
81 271.0
82 289.0
83 309.0
84 309.0
85 309.0
86 309.0
87 309.0
88 309.0
89 331.0
90 338.0
91 351.0
92 351.0
93 361.0
94 365.0
95 374.0
96 375.0
97 380.0
98 392.0
99 396.0
100 420.0
101 420.0
102 420.0
103 425.0
104 440.0
105 447.0
106 447.0
107 457.0
108 493.0
109 493.0
110 493.0
111 493.0
112 493.0
113 498.0
114 498.0
115 510.0
116 526.0
117 546.0
118 562.0
119 573.0
120 573.0
121 573.0
122 583.0
123 583.0
124 588.0
125 611.0
126 629.0
127 651.0
128 651.0
129 651.0
130 656.0
131 668.0
132 668.0
133 686.0
134 686.0
135 686.0
136 730.0
137 730.0
138 746.0
139 746.0
140 746.0
141 765.0
142 771.0
143 771.0
144 784.0
145 784.0
146 816.0
147 836.0
148 836.0
149 842.0
150 862.0
151 868.0
152 871.0
153 871.0
154 881.0
155 909.0
156 929.0
157 931.0
158 976.0
159 976.0
160 983.0
161 983.0
162 983.0
163 983.0
164 983.0
165 1018.0
166 1040.0
167 1040.0
168 1063.0
169 1080.0
170 1080.0
171 1094.0
172 1104.0
173 1104.0
174 1131.0
175 1154.0
176 1167.0
177 1167.0
178 1176.0
179 1176.0
180 1210.0
181 1210.0
182 1217.0
183 1249.0
184 1280.0
185 1280.0
186 1280.0
187 1292.0
188 1292.0
189 1310.0
190 1340.0
191 1365.0
192 1382.0
193 1404.0
194 1404.0
195 1404.0
196 1408.0
197 1408.0
198 1408.0
199 1426.0
200 1452.0
201 1480.0
202 1480.0
203 1514.0
204 1545.0
205 1552.0
206 1561.0
207 1561.0
208 1608.0
209 1608.0
210 1608.0
211 1618.0
212 1663.0
213 1672.0
214 1672.0
215 1672.0
216 1719.0
217 1719.0
218 1722.0
219 1733.0
220 1751.0
221 1751.0
222 1788.0
223 1810.0
224 1819.0
225 1848.0
226 1870.0
227 1870.0
228 1890.0
229 1900.0
230 1900.0
231 1926.0
232 1937.0
233 1975.0
234 2007.0
235 2007.0
236 2022.0
237 2032.0
238 2032.0
239 2032.0
240 2065.0
241 2141.0
242 2141.0
243 2157.0
244 2181.0
245 2181.0
246 2181.0
247 2181.0
248 2181.0
249 2191.0
250 2251.0
251 2251.0
252 2294.0
253 2310.0
254 2322.0
255 2347.0
256 2347.0
257 2347.0
258 2380.0
259 2380.0
260 2432.0
261 2472.0
262 2481.0
263 2481.0
264 2504.0
265 2504.0
266 2564.0
267 2564.0
268 2564.0
269 2616.0
270 2616.0
271 2616.0
272 2616.0
273 2616.0
274 2627.0
275 2687.0
276 2711.0
277 2749.0
278 2749.0
279 2800.0
280 2829.0
281 2829.0
282 2829.0
283 2866.0
284 2866.0
285 2884.0
286 2913.0
287 2913.0
288 2998.0
289 2998.0
290 2998.0
291 3045.0
292 3045.0
293 3045.0
294 3045.0
295 3045.0
296 3047.0
297 3078.0
298 3153.0
299 3181.0
300 3245.0
301 3260.0
302 3291.0
303 3291.0
304 3291.0
305 3291.0
306 3291.0
307 3291.0
308 3364.0
309 3407.0
310 3407.0
311 3407.0
312 3419.0
313 3446.0
314 3446.0
315 3464.0
316 3504.0
317 3539.0
318 3597.0
319 3597.0
320 3639.0
321 3669.0
322 3669.0
323 3669.0
324 3682.0
325 3751.0
326 3751.0
327 3800.0
328 3800.0
329 3807.0
330 3807.0
331 3839.0
332 3853.0
333 3917.0
334 3917.0
335 3938.0
336 3975.0
337 4022.0
338 4035.0
339 4035.0
340 4056.0
341 4099.0
342 4149.0
343 4149.0
344 4149.0
345 4164.0
346 4202.0
347 4202.0
348 4202.0
349 4258.0
350 4302.0
351 4344.0
352 4392.0
353 4392.0
354 4392.0
355 4431.0
356 4465.0
357 4465.0
358 4510.0
359 4510.0
360 4510.0
361 4558.0
362 4576.0
363 4611.0
364 4625.0
365 4665.0
366 4711.0
367 4741.0
368 4757.0
369 4778.0
370 4778.0
371 4778.0
372 4778.0
373 4810.0
374 4910.0
375 4977.0
376 4977.0
377 5005.0
378 5005.0
379 5005.0
380 5021.0
381 5021.0
382 5040.0
383 5106.0
384 5172.0
385 5242.0
386 5242.0
387 5264.0
388 5264.0
389 5264.0
390 5279.0
391 5296.0
392 5345.0
393 5388.0
394 5409.0
395 5409.0
396 5447.0
397 5481.0
398 5481.0
399 5497.0
400 5572.0
401 5578.0
402 5578.0
403 5658.0
404 5697.0
405 5720.0
406 5773.0
407 5773.0
408 5824.0
409 5859.0
410 5859.0
411 5859.0
412 5904.0
413 5926.0
414 5944.0
415 5944.0
416 5968.0
417 6086.0
418 6095.0
419 6095.0
420 6095.0
421 6131.0
422 6181.0
423 6226.0
424 6243.0
425 6296.0
426 6316.0
427 6316.0
428 6392.0
429 6392.0
430 6392.0
431 6439.0
432 6462.0
433 6580.0
434 6580.0
435 6595.0
436 6595.0
437 6614.0
438 6616.0
439 6658.0
440 6658.0
441 6748.0
442 6803.0
443 6803.0
444 6825.0
445 6863.0
446 6863.0
447 6884.0
448 6884.0
449 6931.0
450 7079.0
451 7103.0
452 7122.0
453 7140.0
454 7140.0
455 7140.0
456 7140.0
457 7179.0
458 7236.0
459 7262.0
460 7376.0
461 7383.0
462 7383.0
463 7393.0
464 7432.0
465 7441.0
466 7470.0
467 7546.0
468 7546.0
469 7659.0
470 7684.0
471 7729.0
472 7729.0
473 7729.0
474 7748.0
475 7807.0
476 7827.0
477 7854.0
478 7873.0
479 7925.0
480 7925.0
481 7925.0
482 8042.0
483 8123.0
484 8147.0
485 8147.0
486 8147.0
487 8147.0
488 8200.0
489 8226.0
490 8249.0
491 8249.0
492 8327.0
493 8393.0
494 8435.0
495 8463.0
496 8463.0
497 8463.0
498 8548.0
499 8589.0
500 8651.0
501 8651.0
502 8651.0
503 8671.0
504 8719.0
505 8744.0
506 8787.0
507 8875.0
508 8965.0
509 8965.0
510 8965.0
511 8969.0
512 9027.0
513 9027.0
514 9086.0
515 9118.0
516 9118.0
517 9238.0
518 9282.0
519 9302.0
520 9302.0
521 9320.0
522 9328.0
523 9350.0
524 9371.0
525 9512.0
526 9569.0
527 9597.0
528 9597.0
529 9618.0
530 9716.0
531 9749.0
532 9749.0
533 9840.0
534 9840.0
535 9840.0
536 9949.0
537 9949.0
538 9949.0
539 9949.0
540 9949.0
541 9949.0
542 10062.0
543 10062.0
544 10062.0
545 10142.0
546 10169.0
547 10273.0
548 10338.0
549 10360.0
550 10447.0
551 10459.0
552 10459.0
553 10483.0
554 10552.0
555 10638.0
556 10638.0
557 10638.0
558 10760.0
559 10760.0
560 10760.0
561 10760.0
562 10760.0
563 10771.0
564 10867.0
565 10867.0
566 11005.0
567 11075.0
568 11129.0
569 11129.0
570 11129.0
571 11175.0
572 11175.0
573 11175.0
574 11260.0
575 11331.0
576 11383.0
577 11383.0
578 11432.0
579 11530.0
580 11566.0
581 11566.0
582 11566.0
583 11710.0
584 11743.0
585 11774.0
586 11803.0
587 11803.0
588 11803.0
589 11803.0
590 11909.0
591 11909.0
592 11985.0
593 12049.0
594 12049.0
595 12074.0
596 12087.0
597 12147.0
598 12175.0
599 12225.0
600 12299.0
601 12356.0
602 12512.0
603 12512.0
604 12568.0
605 12568.0
606 12568.0
607 12598.0
608 12694.0
609 12694.0
610 12694.0
611 12752.0
612 12830.0
613 12868.0
614 12920.0
615 12920.0
616 12920.0
617 12996.0
618 13001.0
619 13056.0
620 13091.0
621 13158.0
622 13244.0
623 13301.0
624 13326.0
625 13403.0
626 13456.0
627 13487.0
628 13487.0
629 13551.0
630 13551.0
631 13619.0
632 13619.0
633 13757.0
634 13757.0
635 13757.0
636 13779.0
637 13779.0
638 13815.0
639 13869.0
640 13913.0
641 13982.0
642 14095.0
643 14122.0
644 14193.0
645 14221.0
646 14261.0
647 14261.0
648 14293.0
649 14344.0
650 14494.0
651 14549.0
652 14549.0
653 14549.0
654 14549.0
655 14637.0
656 14674.0
657 14674.0
658 14755.0
659 14755.0
660 14826.0
661 14861.0
662 14946.0
663 15002.0
664 15002.0
665 15088.0
666 15116.0
667 15198.0
668 15260.0
669 15332.0
670 15332.0
671 15332.0
672 15332.0
673 15332.0
674 15397.0
675 15563.0
676 15627.0
677 15627.0
678 15669.0
679 15742.0
680 15805.0
681 15805.0
682 15805.0
683 15921.0
684 15936.0
685 15936.0
686 15936.0
687 16061.0
688 16169.0
689 16169.0
690 16198.0
691 16205.0
692 16359.0
693 16359.0
694 16383.0
695 16426.0
696 16426.0
697 16426.0
698 16567.0
699 16691.0
700 16777.0
701 16804.0
702 16804.0
703 16804.0
704 16804.0
705 16876.0
706 16876.0
707 16952.0
708 17039.0
709 17141.0
710 17181.0
711 17299.0
712 17299.0
713 17299.0
714 17329.0
715 17360.0
716 17360.0
717 17525.0
718 17563.0
719 17631.0
720 17631.0
721 17631.0
722 17631.0
723 17717.0
724 17746.0
725 17835.0
726 17953.0
727 17981.0
728 18067.0
729 18119.0
730 18217.0
731 18217.0
732 18217.0
733 18307.0
734 18307.0
735 18369.0
736 18448.0
737 18487.0
738 18550.0
739 18550.0
740 18550.0
741 18620.0
742 18711.0
743 18711.0
744 18757.0
745 18837.0
746 18883.0
747 18946.0
748 18981.0
749 19011.0
750 19141.0
751 19167.0
752 19238.0
753 19267.0
754 19267.0
755 19378.0
756 19418.0
757 19418.0
758 19511.0
759 19575.0
760 19637.0
761 19670.0
762 19702.0
763 19774.0
764 19899.0
765 19899.0
766 19911.0
767 20005.0
768 20005.0
769 20041.0
770 20079.0
771 20144.0
772 20144.0
773 20234.0
774 20348.0
775 20484.0
776 20484.0
777 20532.0
778 20532.0
779 20562.0
780 20620.0
781 20672.0
782 20672.0
783 20822.0
784 21026.0
785 21026.0
786 21059.0
787 21059.0
788 21059.0
789 21059.0
790 21098.0
791 21135.0
792 21232.0
793 21366.0
794 21408.0
795 21550.0
796 21550.0
797 21550.0
798 21550.0
799 21627.0
800 21725.0
801 21725.0
802 21811.0
803 21811.0
804 21811.0
805 21842.0
806 21950.0
807 21985.0
808 22053.0
809 22246.0
810 22280.0
811 22320.0
812 22445.0
813 22488.0
814 22488.0
815 22488.0
816 22488.0
817 22711.0
818 22729.0
819 22729.0
820 22798.0
821 22886.0
822 22886.0
823 22886.0
824 22919.0
825 23020.0
826 23071.0
827 23162.0
828 23162.0
829 23162.0
830 23198.0
831 23393.0
832 23463.0
833 23549.0
834 23690.0
835 23737.0
836 23737.0
837 23737.0
838 23845.0
839 23845.0
840 23935.0
841 23935.0
842 24090.0
843 24090.0
844 24161.0
845 24161.0
846 24161.0
847 24161.0
848 24161.0
849 24275.0
850 24470.0
851 24470.0
852 24557.0
853 24642.0
854 24642.0
855 24682.0
856 24788.0
857 24857.0
858 24874.0
859 25124.0
860 25205.0
861 25205.0
862 25224.0
863 25224.0
864 25224.0
865 25224.0
866 25224.0
867 25360.0
868 25433.0
869 25526.0
870 25535.0
871 25712.0
872 25755.0
873 25755.0
874 25790.0
875 25951.0
876 25951.0
877 26030.0
878 26124.0
879 26124.0
880 26198.0
881 26353.0
882 26353.0
883 26387.0
884 26495.0
885 26495.0
886 26495.0
887 26495.0
888 26604.0
889 26654.0
890 26701.0
891 26756.0
892 27068.0
893 27068.0
894 27068.0
895 27099.0
896 27099.0
897 27195.0
898 27237.0
899 27273.0
900 27422.0
901 27427.0
902 27427.0
903 27512.0
904 27588.0
905 27626.0
906 27682.0
907 27848.0
908 27939.0
909 28098.0
910 28098.0
911 28098.0
912 28098.0
913 28143.0
914 28229.0
915 28229.0
916 28404.0
917 28516.0
918 28516.0
919 28516.0
920 28559.0
921 28559.0
922 28559.0
923 28599.0
924 28728.0
925 28980.0
926 29079.0
927 29079.0
928 29206.0
929 29245.0
930 29245.0
931 29245.0
932 29282.0
933 29328.0
934 29478.0
935 29666.0
936 29666.0
937 29666.0
938 29666.0
939 29666.0
940 29811.0
941 29855.0
942 29970.0
943 30023.0
944 30023.0
945 30124.0
946 30254.0
947 30304.0
948 30320.0
949 30358.0
950 30474.0
951 30495.0
952 30575.0
953 30648.0
954 30797.0
955 30797.0
956 30816.0
957 31003.0
958 31003.0
959 31120.0
960 31167.0
961 31221.0
962 31221.0
963 31266.0
964 31450.0
965 31450.0
966 31501.0
967 31619.0
968 31710.0
969 31752.0
970 31752.0
971 31752.0
972 31752.0
973 31812.0
